10000
9993
10259
10469
10602
10591
10952
11239
11269
11186
11430
11872
12430
12146
12288
12216
12244
12222
12366
12336
12583
12453
12566
13123
12904
13269
13496
13315
13481
13362
12920
12440
12263
12020
11625
11092
11491
11559
11202
11183
10806
11011
11280
11581
11748
11736
11829
12416
12312
12384
12111
11943
12136
12720
12634
12943
12960
12957
12527
12515
12529
12788
12620
12870
12756
12967
12916
13039
13086
12985
12548
12586
12685
12778
13375
13729
13998
13638
13686
13507
13882
13919
14495
14961
14686
14684
14690
14327
13816
13649
13493
13169
12577
12041
11748
11757
11630
11756
11915
12086
12214
12431
12728
12640
12164
12144
11987
12343
12653
12601
12521
12892
13396
13352
13430
13643
13295
12703
12943
13117
12976
13128
13467
13121
12784
12498
12215
12483
12983
13250
12958
13074
12770
12206
12331
12421
12115
12447
12437
11879
12091
11965
12344
12305
11725
11135
11527
11695
12075
12453
12758
12829
12429
11860
11727
12030
12228
12352
12686
12717
12553
12881
13467
13625
13295
13278
13022
12503
12027
11723
11255
10666
10906
10555
10168
9677
9475
9721
9733
9504
9375
9497
9915
9569
9026
9096
9088
8743
8825
9191
9453
9302
9644
10144
10165
10197
9821
9340
9419
9957
10095
10135
10051
10278
10362
10315
9930
9870
9666
9200
9591
10058
10023
9918
10117
9945
9978
10336
10761
11216
10844
11040
10666
10468
10856
10457
9868
9462
8876
8642
8474
8091
7769
7219
7274
7516
7890
7862
7486
6920
7198
6830
6253
6491
6582
6533
6565
6265
5841
5746
5257
5077
5464
5421
5798
5997
5877
5894
6360
6061
5914
5804
5965
6402
6420
6512
6418
6807
6664
6511
6535
6883
6518
6644
6711
6805
6541
6780
7293
7731
7947
8459
8850
8464
8449
8831
8634
8287
7950
7803
8121
7882
7504
7117
7446
7277
6984
7286
7327
7915
7911
7854
7734
8050
7782
7780
7262
7415
7099
7371
7479
7227
6677
6344
6336
6572
6813
7149
7317
7742
7478
7856
8325
8555
8994
9365
9305
9626
9450
9060
9386
9567
9313
9194
8873
8288
7846
7393
7211
6850
7037
7627
7337
7097
7349
7317
7706
7398
6891
7050
7532
7723
7555
7533
7211
7188
6738
6177
5662
5629
5424
5153
4702
4321
4470
4711
5029
5124
5651
5312
5205
5082
4556
4463
3965
4350
4020
4398
4445
4371
4354
3895
3972
4138
4544
5082
4854
4336
4463
4550
4630
4492
4051
4157
4436
4113
3992
3963
4031
4404
4978
4947
4953
4998
4938
4633
4966
5434
5130
5386
5940
6160
6527
6836
6615
6811
6429
6755
6383
6151
6191
6668
6983
7232
7330
7666
7398
7079
6976
6407
5910
6159
6601
6697
6365
6414
6269
5821
5598
5081
4753
4940
5059
5430
5056
5052
4603
4830
4639
4202
4453
4155
4182
4659
5089
5145
4759
4320
4668
5078
5286
5378
5583
5625
5777
5900
6341
6554
7078
7455
7323
7176
6670
6818
6944
7251
6891
6600
6210
5834
5377
5198
5282
5732
5879
6465
6406
6298
6469
6095
6272
6575
6461
6366
6217
5905
5429
4983
4395
4236
4570
4246
4377
4903
5312
5041
4839
4645
4721
5016
5428
5709
5994
6003
5919
6140
6551
7137
7588
7829
8116
8017
8236
7912
7781
7220
7181
7503
7403
7603
7324
7578
8019
7783
7713
8016
7761
8136
8533
8733
9107
9047
8538
8390
8282
8632
8837
9084
9308
9258
8845
8657
8900
9431
9936
10429
10606
11141
10966
11352
11247
10690
10833
11223
11766
11922
12190
11917
11656
11582
11262
11279
11816
11956
11908
11480
11309
11073
11010
10735
10225
10356
10944
10631
10738
11007
11311
11148
11313
11061
10964
11189
11652
11825
12115
12374
12964
12870
12858
13044
12994
12624
12700
12518
12485
12285
12607
12797
13277
13576
13896
14307
14335
14492
14756
15006
14884
14599
14699
14713
14843
14555
14152
14360
14041
13476
12893
13162
12904
13296
13260
13253
13545
13846
14222
14474
14549
14844
15147
15658
15652
16001
16109
16463
16187
15800
15627
15895
15609
15965
15592
15937
15605
15308
14810
14867
14950
14597
14786
14804
15097
15312
15405
15838
16318
16673
17117
16984
16979
17300
17871
18239
18686
19217
19270
18967
18828
18503
18540
19137
19237
19645
19677
19873
20258
20097
20105
20284
19929
19752
19562
19962
19647
19469
19763
20169
20517
20632
21081
21151
21534
21868
21546
21521
21406
21101
21184
20988
21263
21036
21383
21673
22120
22029
21658
21157
21011
21190
21578
21225
20636
20839
20566
20252
20282
20703
21003
21196
21083
20859
20329
20405
20901
21274
21007
21396
21844
21633
21836
21907
22362
22183
22565
22609
22441
22281
22129
21865
21970
21655
21251
21024
20428
20284
20175
19818
19420
19215
18800
19120
19573
19931
20423
20658
20347
20122
19663
19304
19455
19951
19782
19760
19211
18630
18236
18297
17900
17859
17931
17831
18160
17792
17609
17028
17078
16989
17283
17114
16734
16432
16427
16754
16888
16997
16841
16291
15824
16134
16539
17084
16899
16601
16906
16995
16679
16390
16716
16707
16154
15626
15747
15459
15032
14576
14684
14791
14412
14402
14093
13755
13416
12989
12815
13031
13577
13732
13554
13771
13458
13385
12973
12955
12579
12695
13120
13574
13240
12981
13368
13187
12725
12917
13420
13417
13511
13194
13055
13146
13049
12993
12660
12774
12777
12865
13064
13001
13169
13142
12762
12502
11967
12199
12465
12272
11920
12226
11997
11643
11413
10934
11131
11463
11974
11773
11542
11072
10604
10131
9766
10056
9775
9256
9641
9852
9801
9223
9099
8929
8555
8119
7624
7777
8271
8798
8471
8528
8981
9474
9922
10096
10244
9864
9785
10061
9691
9386
8973
8922
8738
9039
8904
9046
9626
9685
9604
9136
8592
8092
7621
7267
7105
6541
6722
6456
6693
6537
6906
6982
6931
6925
6719
6274
5994
5508
5339
5393
5752
5480
5446
5488
5689
5864
5500
5015
4894
4366
3991
3737
3437
3476
3765
4172
4320
4269
3969
3764
4093
4262
4290
4702
4662
4282
3882
3400
3084
2730
2259
1747
1564
1518
1526
1248
1255
1459
1587
2101
2396
2302
2582
2607
2779
2748
2786
2766
2373
1944
1724
1874
2452
2248
1862
2144
2206
2589
3112
2830
2949
3477
3592
3666
4037
3684
3345
3057
2905
3282
3399
3723
3381
2785
2403
2400
2552
2656
3013
3141
2922
3105
2837
2656
2652
2973
3249
3687
3729
4241
3962
3526
3357
3239
3009
3397
3375
3759
4194
4686
4627
4257
4154
4323
4571
4968
5032
4751
4903
5093
5561
5782
5626
5595
5748
5539
5614
6037
5955
6084
5815
5876
5928
6265
6078
6149
6121
5718
5602
5577
5162
5541
5973
5899
5730
5361
5724
5997
6240
6468
6963
7344
7407
7330
7312
7186
7514
7134
7532
7623
7925
7558
7202
7490
7203
7469
7326
7028
6434
6501
6689
6394
6517
6215
5822
5600
5669
5517
5430
5624
6188
6460
6594
6570
6195
5663
5218
5045
4672
4770
4384
4153
4222
4495
4912
5300
5860
5943
5861
6131
5998
6093
6664
6967
7519
7683
8245
8162
7823
7576
7812
8280
8336
8404
8777
9354
9896
9508
9203
8853
8966
9068
9343
9003
8433
8614
8858
9368
9052
9208
9135
9062
8957
8398
8397
8304
7942
7805
7612
7432
7657
8246
8048
8295
8637
8800
8579
8943
9490
9565
9740
9907
10066
10626
10619
10822
10700
10790
11349
11846
11982
12475
12519
12539
12266
12661
12583
12479
12442
12778
13131
13205
13663
14162
13896
14020
13787
14094
14289
14303
14168
14396
14149
14482
14740
14428
14786
14471
14573
14951
14859
14700
14649
14450
14424
14142
14403
14176
14275
14537
15027
14800
14951
14782
14932
14653
14385
14312
14689
14309
14513
14540
14725
14522
14643
15209
15474
15596
15256
15310
14999
14439
14074
13666
13101
12623
12334
12299
11914
11968
12222
11928
12095
11924
12094
12092
11951
12069
12090
12618
12497
12446
12186
11928
11501
11278
11355
11502
11167
11451
11316
11450
11822
11620
11930
11835
12149
12287
12466
12657
13161
13637
13535
13266
12705
12885
13320
13221
13134
12756
12770
13030
13226
13373
13281
12946
12632
12129
11993
12275
12039
11756
12133
11771
11780
11938
12212
12470
12254
12474
12743
12541
12390
12757
12979
13321
12948
12681
12425
12601
12863
12958
13046
12751
12634
12887
12904
13412
13061
12932
12902
12907
12509
12749
12775
12732
13045
12772
12705
12503
12061
11549
11841
11952
12075
11730
11263
10858
10422
10124
10190
10355
10053
9882
9823
9667
9068
9070
9174
8801
8667
8307
7843
8179
8071
7983
7862
7632
7615
7935
8259
8641
8733
8728
8541
8220
8105
8391
8870
8860
8788
8193
8454
9007
9286
9638
9648
9960
10437
10533
10640
11068
11018
11331
11333
11569
11674
11566
11382
11366
11167
11477
11640
11587
11538
11029
10670
10312
10304
10000
9462
9362
9622
9836
9734
9913
9898
10068
10019
10248
10593
10589
10761
11283
11593
12015
11874
12168
12645
12948
13175
12784
12829
13375
13763
14154
14303
14080
14141
14519
14446
13854
13702
13503
13379
13074
13377
13115
12590
12974
12905
13031
13231
13569
13219
13399
13154
13532
14080
14383
14390
14281
14117
13673
13140
13157
12915
13025
12892
12851
12890
12528
12479
12472
12283
11727
11178
11173
11037
11144
11428
11523
12116
12185
12398
12522
12632
12634
12443
12720
13018
12808
12669
12251
11973
12237
12186
11839
11462
11112
10614
10400
10545
10527
10447
10062
10326
10729
10417
10764
11236
11057
11259
11378
11209
10638
10415
10803
11362
11134
10760
11042
11618
11977
11944
11351
11611
12093
11851
12057
11840
11436
11513
11252
11105
10911
10389
10454
10688
10848
11317
11148
11305
11056
10476
10057
9685
9358
9041
8956
8602
8682
8527
8918
8821
8255
7985
7598
7451
7176
7073
6498
6062
5937
5999
6371
6306
6595
6752
6381
5839
6199
6524
6584
6203
6515
6493
6881
6760
6957
6597
6489
5986
5943
6186
6652
6588
6092
6436
6947
6964
6981
7278
6992
7057
6909
6623
6643
6916
7107
6954
6657
6471
6287
6006
6029
5685
5650
5983
6352
6094
5534
5170
5311
5005
5388
5836
5961
5964
6004
6139
5997
6193
5810
5516
5366
5532
5362
5748
5983
6459
6749
6665
6904
6688
6649
6655
6723
6567
5987
6001
6083
6202
5819
5295
5285
5655
5838
6260
5907
6131
6548
6739
6652
6685
6347
6373
6958
7041
7591
7959
7856
7823
7858
7732
7437
7596
7760
7682
7690
7429
7369
7091
7309
6981
7004
7205
7456
7325
7530
7665
7526
7563
7286
7498
7418
7244
6763
6838
7343
7915
7969
8471
8576
8177
8181
8249
8218
8595
9172
9483
9453
8940
9073
9181
9660
9639
10017
9755
9666
9398
9291
8903
9182
9531
9725
9962
10014
10340
10494
10988
10976
10552
10370
10195
10380
10742
11165
11193
11363
11106
10586
10791
11344
11136
11376
11862
11728
11970
12534
12767
12477
12172
12085
11880
11971
12366
12966
12953
12763
12511
12418
12781
12655
12970
12593
12211
11657
11216
11198
10747
10543
10463
10553
10271
9876
9488
9692
9665
9568
9264
8700
8640
8056
8452
8246
8056
8052
7729
7511
7739
8161
8487
8863
9145
9423
9780
9942
10088
9869
10188
10423
10210
9888
10078
9690
9659
9559
9092
9476
9527
10109
10329
10139
10071
10244
10349
10668
10604
10269
9803
9659
9741
10209
10211
10160
10273
10079
10052
10181
9995
10138
9877
9463
9719
9321
9181
9535
9669
10120
9814
9676
9399
9488
9555
9512
9310
9206
9562
9709
10276
10063
9502
9392
9009
9228
9752
10022
10219
10596
10276
10514
10121
9986
10212
10059
9778
9373
9065
8720
8473
8341
7925
8026
8016
7680
7178
7524
7532
7671
7677
7911
7761
7574
7745
7375
6997
7115
6864
7142
7055
6527
6175
6212
6697
6760
6641
6633
6139
6217
6541
6152
5842
5557
5237
5086
4760
4886
4788
5084
5273
5065
4740
5033
4826
5030
5474
5544
5434
5478
5168
5196
5378
5454
5616
5302
4987
5219
4882
5095
4875
4654
4994
4720
4799
5084
4842
4906
5334
5458
5769
6205
6296
6127
5823
5845
6148
6078
6105
6174
6768
6848
6624
6749
6362
6212
5983
5398
5406
5872
6410
6847
6479
6177
6022
6361
6121
6469
6855
6580
6600
6627
7013
6664
6332
6379
6395
6889
7004
6902
7242
7653
8116
8140
7781
8144
8150
8691
9048
9362
9861
10276
10293
10253
9833
9497
9355
9594
9429
9324
9302
9657
10243
10029